Accuracy without tuning hyper parameters

('Accuracy:', 0.9714857142857143)
('Confusion Metrix:\n', array([[1665,    0,   11,    1,    0,    6,   12,    1,    9,    3],
       [   0, 1927,   21,    2,    9,    3,    2,   22,   17,    5],
       [   1,    2, 1699,    7,    0,    2,    0,    5,    7,    3],
       [   0,    0,    5, 1722,    0,   19,    0,    0,   18,   13],
       [   0,    0,    2,    1, 1643,    3,    5,    6,   12,   13],
       [   1,    0,    1,   12,    0, 1588,    6,    0,   20,    5],
       [   7,    1,    2,    0,    3,   17, 1728,    0,    3,    2],
       [   0,    4,   21,   10,    4,    3,    0, 1792,    4,   19],
       [   1,    0,    5,    5,    1,    5,    1,    2, 1598,    7],
       [   2,    1,    0,    6,   31,    7,    0,   18,   14, 1639]]))