[[   0.            0.            0.            0.            0.            0.        ]
 [ 227.91592656  240.23907407   -3.15488256  258.59710083  273.30166436
   245.21529649]
 [ 120.55396742  245.69102692  259.51431322  209.86306171  304.98799375
   268.09248962]
 ..., 
 [  -3.9804138   268.66468409   -3.42753852   -3.85835664  -10.79552
   -13.00324817]
 [  -5.12133993  255.02317971   -5.46271844   -4.91620592  -12.76699679
   -12.01214259]
 [ 356.16358144  338.02362475  349.19731864  379.          -10.35392
   296.99599403]]